----------------------------------- Test ALGORITHM ----------------------------------------
# Multi Divide
Threshold=0.500000
# Divide Phase
First Divide: 0.795000 seconds
First divide, node 262491's group contain:
261882's neighbor: 260710 260711 261880 261883 262753 262754 262755 262756
261917's neighbor: 260711 261915 261918 262753 262754 262755 262756
262111's neighbor: 260710 260711 262110 262370 262753 262754 262755 262756
262126's neighbor: 260710 260711 262127 262561 262753 262754 262755 262756
262171's neighbor: 260710 260711 262170 262174 262753 262754 262755 262756
262269's neighbor: 260711 262268 262270 262753 262754 262755 262756
262310's neighbor: 260710 260711 262311 262736 262753 262754 262755 262756
262316's neighbor: 260711 262315 262317 262753 262754 262755 262756
262352's neighbor: 260710 260711 261916 262353 262753 262754 262755 262756
262456's neighbor: 260710 260711 262455 262753 262754 262755 262756 262844
262484's neighbor: 260710 260711 262483 262485 262753 262754 262755 262756
262491's neighbor: 260710 260711 261944 262492 262753 262754 262755 262756
262506's neighbor: 260711 262507 262753 262754 262755 262756 262936
262664's neighbor: 260710 260711 262365 262663 262753 262754 262755 262756
262692's neighbor: 260711 262451 262691 262753 262754 262755 262756
262757's neighbor: 260710 260711 262753 262754 262755 262756 262759 262810
262779's neighbor: 260710 260711 262753 262754 262755 262756 262778 262797
262794's neighbor: 260710 260711 262753 262754 262755 262756 262793 262817
262798's neighbor: 260710 260711 262753 262754 262755 262756 262797 262800
262809's neighbor: 260710 260711 262753 262754 262755 262756 262810 262811
262893's neighbor: 260711 261974 262753 262754 262755 262756 262894
262990's neighbor: 260710 260711 262753 262754 262755 262756 262989 262992 283232
# Divide Phase
Second Divide: 0.508000 seconds
Second divide, node 262491's group contain:
261309's neighbor: 260710 260711 261310 262483 262753 262754 262755 262756
261844's neighbor: 260710 260711 261843 262406 262753 262754 262755 262756
261908's neighbor: 260710 260711 261909 261910 262753 262754 262755 262756
261993's neighbor: 260710 260711 261992 261994 262753 262754 262755 262756
262075's neighbor: 260710 260711 262070 262076 262753 262754 262755 262756
262094's neighbor: 260710 260711 262090 262093 262095 262753 262754 262755 262756
262097's neighbor: 260710 260711 262095 262096 262753 262754 262755 262756
262119's neighbor: 260710 260711 262118 262120 262753 262754 262755 262756
262165's neighbor: 260710 260711 262164 262167 262753 262754 262755 262756
262178's neighbor: 260710 260711 262179 262753 262754 262755 262756 262836
262396's neighbor: 260710 260711 262395 262397 262753 262754 262755 262756
262398's neighbor: 11015 260710 260711 261909 262397 262753 262754 262755 262756
262414's neighbor: 260710 260711 262413 262415 262753 262754 262755 262756
262470's neighbor: 260710 260711 262469 262471 262753 262754 262755 262756
262479's neighbor: 260710 260711 261854 262478 262753 262754 262755 262756
262483's neighbor: 8831 260710 260711 261309 262484 262753 262754 262755 262756
262491's neighbor: 260710 260711 261944 262492 262753 262754 262755 262756
262502's neighbor: 260710 260711 261960 262501 262753 262754 262755 262756
262510's neighbor: 260710 260711 262509 262512 262753 262754 262755 262756
262568's neighbor: 260710 260711 262567 262679 262753 262754 262755 262756
262780's neighbor: 260710 260711 262562 262753 262754 262755 262756 262781
262799's neighbor: 260710 260711 262390 262753 262754 262755 262756 262800
262834's neighbor: 260710 260711 261924 262753 262754 262755 262756 262836
262891's neighbor: 260710 260711 262753 262754 262755 262756 262890 262892
263007's neighbor: 260710 260711 262753 262754 262755 262756 262892 263008
@Time: 1.402000 seconds